0.20590 1.0126
0.52020 1.0155
0.83490 1.0328
1.1458 1.0498
1.4644 1.0718
1.7791 1.0899
2.0938 1.1054
2.4083 1.1163
2.7227 1.1221
3.0370 1.1237
3.3508 1.1079
3.6646 1.0953
3.9556 1.0646
4.2465 1.0347
4.5449 1.0005
4.8282 0.96585
5.0967 0.93506
5.3276 0.89569
5.5661 0.86295
5.8495 0.83160
6.1254 0.79620
6.3565 0.76439
6.6175 0.73636
6.9311 0.70990
7.2445 0.68220
7.5579 0.65140
7.8715 0.62695
8.1852 0.60934
8.4991 0.59757
8.8128 0.57815
9.1267 0.56398
9.4406 0.55543
9.7545 0.54153
10.068 0.53034
10.382 0.52291
10.696 0.50925
11.010 0.49725
11.324 0.49244
11.638 0.49015
11.953 0.48852
12.267 0.48754
12.498 0.47410
12.910 0.48741
13.254 0.46881
13.568 0.46640
13.882 0.47389
14.196 0.46530
14.511 0.46719
14.825 0.46768
15.139 0.46423
15.453 0.46681
15.768 0.46282
16.082 0.46753
16.396 0.46996
16.710 0.46979
17.024 0.46421
17.339 0.46614
17.653 0.46327
17.967 0.46678
18.282 0.46925
18.596 0.46626
18.910 0.46853
19.224 0.47108
19.539 0.47888
19.853 0.47601
20.167 0.47418
20.481 0.48090
20.796 0.47865
21.110 0.47450
21.424 0.47832
21.738 0.47986
22.053 0.48171
22.367 0.48255
22.681 0.48401
22.995 0.48350
23.309 0.47982
23.624 0.48360
23.929 0.48490
24.240 0.49203
24.581 0.48269
24.866 0.48776