#Pb+Pb 5.02 TeV, 0-20%, nonprompt D and Ds decayed
#R_AA from B and Bs mesons
#pT (GeV/c)   D0bar   Dsminus
0.1 1.08974 1.9282
0.3 1.08764 1.93191
0.5 1.08344 1.93376
0.7 1.07869 1.93283
0.9 1.07108 1.92874
1.1 1.06046 1.9198
1.3 1.0473 1.9029
1.5 1.0334 1.87873
1.7 1.01731 1.84841
1.9 0.9995 1.81402
2.1 0.97968 1.77372
2.3 0.95879 1.73006
2.5 0.93704 1.68013
2.7 0.91235 1.63091
2.9 0.88764 1.58047
3.1 0.86425 1.52404
3.3 0.83376 1.47059
3.5 0.80853 1.41645
3.7 0.78492 1.36204
3.9 0.75665 1.30306
4.1 0.73444 1.25699
4.3 0.70881 1.2028
4.5 0.68603 1.1503
4.7 0.66447 1.10843
4.9 0.64404 1.06072
5.1 0.62618 1.01757
5.3 0.60887 0.9842
5.5 0.59681 0.94428
5.7 0.58279 0.91393
5.9 0.57603 0.88288
6.1 0.56178 0.85262
6.3 0.54836 0.82622
6.5 0.53581 0.79822
6.7 0.53263 0.77684
6.9 0.51826 0.75243
7.1 0.5117 0.73211
7.3 0.50564 0.71488
7.5 0.50105 0.6985
7.7 0.49631 0.68471
7.9 0.49393 0.66832
8.1 0.48788 0.65439
8.3 0.48544 0.64168
8.5 0.48257 0.62938
8.7 0.48038 0.62108
8.9 0.47901 0.61276
9.1 0.47699 0.60183
9.3 0.47544 0.59865
9.5 0.47458 0.58694
9.7 0.47376 0.57996
9.9 0.47255 0.57326
10.1 0.4724 0.56773
10.3 0.47159 0.56576
10.5 0.47183 0.55767
10.7 0.47135 0.5514
10.9 0.47071 0.5476
11.1 0.47094 0.54493
11.3 0.47155 0.54115
11.5 0.47141 0.5377
11.7 0.47107 0.53623
11.9 0.47186 0.53332
12.1 0.47166 0.53073
12.3 0.4726 0.5308
12.5 0.47304 0.52785
12.7 0.47306 0.52729
12.9 0.47376 0.52608
13.1 0.47382 0.5242
13.3 0.47411 0.52327
13.5 0.47451 0.52229
13.7 0.47487 0.52108
13.9 0.47552 0.52031
14.1 0.47597 0.52067
14.3 0.47679 0.51966
14.5 0.47686 0.51897
14.7 0.47807 0.51783
14.9 0.4782 0.51746
15.1 0.47871 0.5174
15.3 0.47884 0.51783
15.5 0.48022 0.51636
15.7 0.48091 0.51733
15.9 0.48157 0.51656
16.1 0.48059 0.51662
16.3 0.48237 0.51723
16.5 0.48095 0.51582
16.7 0.48264 0.51651
16.9 0.48243 0.51678
17.1 0.48214 0.51611
17.3 0.48399 0.51648
17.5 0.48422 0.51725
17.7 0.48253 0.51508
17.9 0.48495 0.51751
18.1 0.48422 0.51737
18.3 0.48603 0.51585
18.5 0.4836 0.51697
18.7 0.48521 0.51619
18.9 0.48733 0.51536
19.1 0.48442 0.51789
19.3 0.4855 0.51401
19.5 0.4859 0.51794
19.7 0.4886 0.51816
19.9 0.48676 0.51635
20.1 0.48712 0.51423
20.3 0.48938 0.51777
20.5 0.48955 0.52068
20.7 0.48534 0.51363
20.9 0.48605 0.51614
21.1 0.48785 0.5168
21.3 0.488 0.51778
21.5 0.48808 0.51592
21.7 0.48968 0.51903
21.9 0.4872 0.51921
22.1 0.48746 0.51807
22.3 0.4887 0.51807
22.5 0.49076 0.51207
22.7 0.49034 0.51471
22.9 0.49377 0.5178
23.1 0.48759 0.51851
23.3 0.48285 0.51746
23.5 0.48716 0.51869
23.7 0.49308 0.51771
23.9 0.48751 0.51462
24.1 0.48523 0.51602
24.3 0.48143 0.5129
24.5 0.48517 0.51948
24.7 0.49128 0.51617
24.9 0.49467 0.51974
