0.25000 2.0369
0.50000 2.0203
0.75000 2.0562
1.0000 2.0809
1.2500 2.1101
1.5000 2.1533
1.7500 2.1768
2.0000 2.2070
2.2500 2.2199
2.5000 2.2381
2.7500 2.2392
3.0000 2.2291
3.2500 2.2291
3.5000 2.1966
3.7500 2.1631
4.0000 2.1098
4.2500 2.0693
4.5000 2.0186
4.7500 1.9382
5.0000 1.8788
5.2500 1.8181
5.5000 1.7249
5.7500 1.6810
6.0000 1.6132
6.2500 1.5437
6.5000 1.4636
6.7500 1.4232
7.0000 1.3715
7.2500 1.3172
7.5000 1.2582
7.7500 1.2014
8.0000 1.1705
8.2500 1.1234
8.5000 1.1015
8.7500 1.0427
9.0000 1.0020
9.2500 0.97728
9.5000 0.94608
9.7500 0.90661
10.000 0.86007
10.250 0.83423
10.500 0.82273
10.750 0.80938
11.000 0.78665
11.250 0.77103
11.500 0.75557
11.750 0.72323
12.000 0.70267
12.250 0.69342
12.500 0.68888
12.750 0.66237
13.000 0.65113
13.250 0.62899
13.500 0.62138
13.750 0.61916
14.000 0.59472
14.250 0.57622
14.500 0.58332
14.750 0.56964
15.000 0.55805
15.250 0.55746
15.500 0.56428
15.750 0.56279
16.000 0.55225
16.250 0.54315
16.500 0.54932
16.750 0.53701
17.000 0.54417
17.250 0.53879
17.500 0.53725
17.750 0.52934
18.000 0.53533
18.250 0.53573
18.500 0.52955
18.750 0.53123
19.000 0.52989
19.250 0.52830
19.500 0.50568
19.750 0.50268
20.000 0.50538
20.250 0.50120
20.500 0.50524
20.750 0.50267
21.000 0.50588
21.250 0.50622
21.500 0.50695
21.750 0.50572
22.000 0.50419
22.250 0.51379
22.500 0.52965
22.750 0.50577
23.000 0.50709
23.250 0.53424
23.500 0.53143
23.750 0.50268
24.000 0.50416
24.250 0.52818
24.500 0.50266
24.750 0.52614

